<?xml version="1.0" standalone="no"?>
<!DOCTYPE svg PUBLIC "-//W3C//DTD SVG 20010904//EN"
 "http://www.w3.org/TR/2001/REC-SVG-20010904/DTD/svg10.dtd">
<svg version="1.0" xmlns="http://www.w3.org/2000/svg"
 width="853.000000pt" height="853.000000pt" viewBox="0 0 853.000000 853.000000"
 preserveAspectRatio="xMidYMid meet">

<g transform="translate(0.000000,853.000000) scale(0.100000,-0.100000)"
fill="#000000" stroke="none">
<path d="M5315 7244 c-146 -15 -338 -70 -496 -141 l-64 -30 35 -18 c19 -10 60
-35 90 -56 l56 -39 84 34 c170 69 372 116 499 116 135 -1 260 -43 341 -117 45
-40 48 -38 21 16 -47 91 -175 182 -302 215 -61 15 -202 26 -264 20z"/>
<path d="M4360 7073 c0 -5 28 -18 62 -30 l61 -23 51 30 51 30 -112 0 c-62 0
-113 -3 -113 -7z"/>
<path d="M5497 7014 c176 -38 272 -153 276 -329 l2 -70 75 0 75 0 -2 75 c-5
220 -148 342 -398 339 l-90 -1 62 -14z"/>
<path d="M4555 6969 c-399 -229 -828 -611 -1116 -994 l-71 -95 21 -84 c25
-102 38 -136 50 -136 5 0 31 33 57 72 157 232 449 547 709 763 163 136 390
289 573 385 34 18 61 38 59 44 -5 16 -148 96 -172 96 -12 0 -61 -23 -110 -51z"/>
<path d="M4970 6887 c-311 -141 -625 -411 -867 -748 -183 -254 -338 -560 -434
-857 l-34 -103 24 -42 c47 -84 135 -209 204 -289 38 -46 75 -92 83 -102 25
-36 22 -11 -8 64 -33 83 -63 210 -73 310 -8 77 14 235 45 330 38 114 154 317
205 360 9 8 39 59 67 113 103 206 252 424 401 590 l79 87 328 0 c215 0 331 -4
335 -10 4 -6 1 -79 -5 -163 -7 -84 -13 -163 -14 -177 -1 -24 2 -25 71 -30 l72
-5 6 35 c11 72 25 279 25 388 l0 112 -315 0 c-190 0 -315 4 -315 9 0 13 101
90 176 135 79 48 60 45 -56 -7z"/>
<path d="M3050 6612 c0 -487 118 -1024 311 -1414 31 -65 53 -118 48 -118 -20
0 -269 173 -353 244 -228 195 -377 420 -455 684 -30 101 -57 237 -63 317 l-3
40 218 5 c119 3 217 8 217 13 0 4 0 36 0 72 l0 65 -300 0 c-279 0 -300 -1
-300 -17 0 -54 23 -254 41 -353 28 -155 69 -281 139 -425 77 -159 161 -276
295 -410 128 -127 253 -224 450 -347 330 -205 334 -208 406 -296 169 -204 226
-372 185 -545 -30 -128 -98 -220 -221 -302 -102 -68 -140 -108 -169 -179 -20
-49 -31 -62 -77 -89 -63 -38 -104 -98 -119 -176 -5 -29 -10 -199 -10 -377 l0
-324 -95 0 -96 0 3 -77 3 -78 429 -3 430 -2 247 246 247 246 40 -7 c28 -4 51
-2 74 8 18 8 60 18 93 21 57 5 62 8 111 60 48 52 54 55 88 49 113 -18 174 108
94 194 -12 13 -36 26 -55 29 -74 14 -133 -42 -133 -126 0 -41 -5 -51 -44 -89
-53 -52 -85 -53 -98 -4 -11 43 -61 83 -103 83 -73 0 -115 -43 -115 -117 0 -36
-10 -48 -198 -236 l-197 -197 -283 0 -282 0 0 50 0 50 244 0 244 0 323 330
c301 309 325 330 351 325 69 -16 138 38 138 106 0 75 -43 119 -115 119 -29 0
-45 -8 -71 -34 -29 -29 -34 -41 -34 -83 l0 -49 -316 -322 -316 -322 -221 3
-222 2 -3 263 -2 263 29 30 c25 25 37 29 84 29 l54 0 5 68 c6 84 27 125 81
158 171 107 221 147 347 273 145 145 227 256 305 411 66 132 67 119 -17 202
-68 67 -138 159 -138 181 0 5 26 -13 58 -40 31 -27 77 -63 102 -80 106 -72
405 -203 669 -294 147 -51 147 -51 155 -98 7 -47 52 -103 96 -121 43 -18 121
-8 160 20 36 26 70 90 70 135 0 17 -9 49 -19 72 l-19 41 100 149 c126 186 120
180 162 175 83 -10 169 58 181 142 9 56 -21 124 -67 157 -37 27 -104 35 -152
19 -36 -12 -38 -11 -90 34 l-54 46 -26 -21 c-14 -11 -26 -27 -26 -34 0 -8 23
-33 51 -57 l50 -42 -6 -48 c-5 -34 -2 -62 10 -96 l17 -48 -102 -149 c-56 -83
-109 -158 -119 -168 -30 -31 -46 -2 -75 143 -126 625 -241 861 -469 966 -77
35 -193 37 -280 4 -167 -63 -288 -248 -286 -439 l0 -76 29 83 c45 133 121 224
230 276 59 28 74 31 165 31 92 0 104 -2 153 -30 152 -84 250 -291 351 -747 55
-248 54 -228 15 -261 l-33 -28 -173 64 c-350 130 -485 196 -612 297 -85 67
-142 138 -183 225 -26 55 -28 70 -27 170 0 92 4 121 25 175 103 270 463 546
854 656 139 38 287 40 358 5 118 -58 134 -177 47 -354 l-40 -82 35 40 c101
114 169 245 181 350 6 46 3 62 -19 107 -48 96 -129 131 -307 131 -224 0 -500
-88 -755 -241 -260 -156 -423 -339 -501 -562 l-23 -65 0 68 c-1 83 21 193 59
298 16 43 27 79 25 79 -13 0 -97 -145 -128 -221 -81 -193 -88 -388 -24 -582
20 -58 53 -140 75 -184 72 -144 87 -202 87 -343 0 -116 -2 -129 -28 -185 -47
-101 -126 -206 -96 -128 19 52 22 222 5 303 -22 102 -100 256 -186 365 -153
194 -189 244 -248 340 -181 296 -301 644 -362 1046 -19 128 -40 352 -40 437
l0 42 354 0 354 0 75 63 c42 34 78 68 81 75 4 9 -100 12 -504 12 l-510 0 0
-138z m1632 -3047 c9 -21 8 -28 -7 -45 -24 -27 -51 -25 -70 4 -23 34 -5 66 36
66 22 0 32 -6 41 -25z m232 -281 c38 -38 -5 -88 -58 -68 -19 7 -21 55 -4 72
17 17 44 15 62 -4z m-356 -158 c6 -50 -33 -72 -70 -39 -23 21 -23 38 2 63 26
26 64 13 68 -24z"/>
<path d="M5557 6454 c-4 -37 -4 -71 -1 -75 3 -5 102 -9 220 -9 l214 0 0 -33
c0 -59 -39 -255 -71 -355 -38 -118 -111 -268 -181 -369 -98 -141 -290 -323
-458 -434 l-25 -16 24 -72 c13 -39 28 -71 33 -71 16 0 175 118 268 198 236
204 391 432 479 702 47 147 91 414 91 558 l0 42 -294 0 -293 0 -6 -66z"/>
<path d="M5247 5883 c-3 -5 -19 -64 -37 -133 -17 -69 -47 -166 -66 -216 l-34
-92 46 -77 c26 -42 50 -73 55 -68 30 31 161 430 175 537 l6 43 -38 6 c-53 9
-102 9 -107 0z"/>
<path d="M3119 5456 l-24 -48 54 -49 c30 -27 58 -49 62 -49 4 0 -6 35 -23 78
-16 42 -33 86 -38 97 -6 17 -11 13 -31 -29z"/>
<path d="M4911 5053 c-33 -54 -101 -149 -151 -212 -128 -161 -132 -167 -117
-179 17 -14 107 -52 122 -52 7 0 21 12 31 27 49 75 122 138 247 212 20 13 37
23 37 24 0 23 -95 277 -104 277 -2 0 -31 -44 -65 -97z"/>
<path d="M2961 5048 c-18 -58 -31 -150 -31 -217 0 -165 73 -292 198 -348 70
-31 191 -49 257 -38 l50 8 -57 13 c-123 29 -198 87 -246 192 -27 59 -33 150
-19 259 l9 61 -69 51 c-37 28 -71 50 -75 51 -3 0 -11 -15 -17 -32z"/>
<path d="M2930 4542 c0 -4 14 -31 31 -61 86 -150 246 -230 457 -231 84 0 245
27 335 56 55 18 58 30 25 105 -15 37 -25 49 -37 45 -249 -83 -236 -80 -401
-81 l-155 0 -77 37 c-49 23 -97 56 -128 87 -27 28 -50 47 -50 43z"/>
<path d="M4501 4407 c-21 -54 -31 -166 -21 -238 28 -220 123 -363 325 -492 66
-42 95 -87 95 -146 0 -81 6 -91 57 -91 54 0 95 -20 111 -55 9 -18 12 -124 12
-365 l0 -340 -97 0 c-54 0 -209 -1 -346 -2 -136 -1 -249 1 -252 3 -2 3 24 33
58 67 l62 61 128 2 127 1 40 -36 c30 -27 49 -36 76 -36 71 0 119 47 117 116
-1 46 -27 82 -71 101 -47 20 -103 4 -134 -37 l-22 -30 -145 0 -146 0 -175
-175 c-119 -119 -171 -178 -164 -185 7 -7 222 -9 650 -8 l639 3 0 75 0 75 -97
3 -98 3 0 349 c0 327 -1 353 -20 404 -23 59 -81 120 -131 138 -23 8 -32 19
-40 52 -17 67 -71 131 -162 189 -104 68 -159 128 -205 225 -37 77 -37 78 -37
209 l0 131 -53 26 c-64 32 -70 32 -81 3z m413 -1523 c9 -8 16 -22 16 -30 0
-16 -35 -54 -50 -54 -12 0 -50 37 -50 48 0 4 7 18 16 30 18 26 46 28 68 6z"/>
<path d="M4290 3653 l0 -297 75 80 74 79 1 218 0 217 -75 0 -75 0 0 -297z"/>
<path d="M4057 3653 c-4 -3 -7 -126 -7 -272 l0 -265 75 74 75 74 0 198 0 198
-68 0 c-38 0 -72 -3 -75 -7z"/>
<path d="M3824 3417 c-2 -7 -3 -118 -2 -247 3 -220 4 -235 22 -238 12 -3 37
15 72 49 l54 53 0 198 0 198 -70 0 c-48 0 -72 -4 -76 -13z"/>
<path d="M3595 3207 c-3 -7 -4 -71 -3 -143 l3 -129 73 -3 73 -3 -3 143 -3 143
-68 3 c-49 2 -69 -1 -72 -11z"/>
<path d="M2310 2158 c0 -35 0 -685 0 -695 0 -9 20 -13 65 -13 l65 0 0 105 0
106 107 -3 108 -3 73 -102 73 -103 70 0 c39 0 69 4 69 10 0 5 -34 57 -75 114
-41 57 -75 108 -74 113 0 4 21 22 47 38 130 84 136 294 11 385 -72 51 -120 60
-341 60 -152 0 -198 -3 -198 -12z m384 -108 c91 -21 135 -125 84 -200 -39 -58
-75 -70 -215 -70 l-123 0 0 133 c0 74 3 137 7 140 10 10 202 8 247 -3z"/>
<path d="M3107 2157 c-7 -20 -9 -671 -1 -690 6 -15 34 -17 290 -17 l284 0 0
55 0 55 -220 0 -220 0 0 100 0 100 188 2 187 3 0 50 0 50 -185 5 -185 5 0 90
0 90 210 5 210 5 -2 45 c-1 25 -2 48 -2 53 -1 4 -124 7 -275 7 -216 0 -275 -3
-279 -13z"/>
<path d="M3762 2118 l3 -53 122 -3 123 -3 2 -302 3 -302 65 0 65 0 3 303 2
302 125 0 125 0 0 55 0 55 -321 0 -320 0 3 -52z"/>
<path d="M4681 2103 c-48 -96 -301 -642 -301 -648 0 -3 31 -5 68 -5 l69 0 34
80 34 79 181 3 c100 2 189 2 198 0 9 -2 34 -39 56 -83 l40 -79 65 0 c77 0 78
3 36 86 -48 98 -252 525 -277 582 l-23 52 -73 0 -74 0 -33 -67z m181 -230 c37
-81 68 -149 68 -150 0 -6 -277 -3 -282 3 -3 3 11 43 32 88 21 45 52 113 69
151 17 37 34 65 38 62 3 -4 37 -73 75 -154z"/>
<path d="M5590 2115 l0 -55 120 0 120 0 2 -302 3 -303 67 -3 68 -3 2 303 3
303 123 3 122 3 0 54 0 55 -315 0 -315 0 0 -55z"/>
<path d="M5260 1745 l0 -56 148 3 147 3 0 50 0 50 -147 3 -148 3 0 -56z"/>
</g>
</svg>
